44 44
267 1 587 182 34 -502 -168 506 309 52 175 61 -211 -343 -232 -44 -322 -273 -189 -357 -169 -383 -190 -246 -421 26 67 -68 81 -9 149 -144 25 281 171 -216 -264 309 664 338 687 -157 172 -44 
-40 -94 143 118 -66 -512 612 -87 159 -323 596 -91 80 279 146 -133 67 447 -157 -57 302 -1 -278 344 -47 131 -42 169 345 -48 -150 -181 80 -103 218 -187 388 -908 -500 -27 -450 156 210 187 
197 -56 175 8 -79 -236 325 1067 -96 176 -195 257 -450 -321 222 12 -872 42 188 -482 -98 -122 -91 -44 343 -134 300 -238 -69 217 445 -549 526 -94 -230 -162 138 -200 303 350 -36 -292 376 -68 
69 -175 -466 -458 -329 -617 216 828 -196 -200 89 -255 -141 74 56 75 -189 176 221 -371 -419 -335 -265 -599 89 -41 345 597 31 -281 432 -36 -166 85 -274 35 -64 437 416 -287 138 -141 -365 72 
36 226 -374 150 249 -167 815 363 283 14 836 -531 -407 367 -542 78 463 647 -404 -190 -31 -90 -352 -66 2 -281 173 264 -162 -92 -278 92 -406 37 302 127 -287 17 -381 -346 391 372 4 53 
-21 -9 -300 151 -473 -375 -103 -67 -517 -759 -292 424 405 61 495 210 666 285 -278 262 263 386 -24 257 -411 43 -43 392 458 -503 -361 -142 -156 113 331 5 730 -42 -311 -413 -551 -231 17 385 
250 394 -573 -292 -497 -355 98 -121 -792 -216 -303 203 368 290 137 318 140 -319 398 -181 -349 207 204 670 346 228 199 579 8 -458 -84 140 -68 122 328 -246 -13 386 382 -91 93 68 -586 226 
-443 -274 -187 -204 -349 305 58 144 -340 410 -17 28 -69 -30 -186 -174 456 318 -837 108 366 -40 -471 -133 242 -93 -248 151 139 -152 21 26 139 -47 -800 614 -53 146 108 -491 -576 -238 -157 -8 
-376 -361 -218 -374 518 241 -395 -160 120 -74 -43 -149 382 45 104 483 -178 -61 702 65 -348 -125 134 -973 260 97 352 163 658 444 735 121 -7 -253 -121 -20 -96 270 26 -694 4 -41 140 -66 
-72 -27 -574 -686 -350 -403 -118 -541 -242 496 19 229 170 169 203 -281 225 -625 -236 -232 113 -63 73 -465 79 213 -423 11 -159 -714 -149 184 107 -120 -285 -39 -22 440 738 -35 326 -376 -124 -17 
138 56 344 -76 -70 583 125 -73 -44 -550 -107 -147 -338 -154 -47 -447 -393 274 17 431 -117 -183 -349 399 188 -629 -301 -446 -256 538 322 364 392 -400 -224 5 -96 -615 -526 431 148 372 -18 18 
47 150 -295 -84 164 73 71 -232 -401 1148 -132 -184 -583 298 50 -156 -205 137 -245 -744 202 58 393 158 776 -46 -201 268 -779 -238 -326 261 -360 -53 -73 -36 115 547 571 -312 -23 198 -266 -97 
147 -151 -145 -222 85 179 228 -258 57 29 544 -324 -563 450 -156 -348 377 307 454 173 -580 -35 -41 -801 354 -561 -571 131 -279 455 6 284 52 -447 -39 -345 395 180 -643 -245 151 113 -27 95 
516 -4 177 388 146 438 -302 155 352 -218 -733 86 -295 -834 634 263 -658 244 -351 -442 164 320 -138 -5 -212 -357 -73 -564 28 117 -27 -61 12 -171 221 -219 445 24 -257 -221 956 -35 401 -76 
-375 -468 -550 -350 -234 10 -537 -355 -15 -837 60 -136 84 42 40 -152 507 163 -282 941 -208 257 330 -232 -799 -217 165 108 277 -444 198 385 257 -171 115 -139 40 -438 -125 137 -313 -93 79 266 
-62 65 -280 314 -158 497 -62 42 289 -125 -600 392 290 -342 -51 -303 608 33 132 -10 154 431 -123 -263 -223 -132 -73 -90 -369 -27 -153 -240 -695 244 79 345 232 -203 -1075 -43 -15 -467 -393 -424 
-109 136 664 457 -102 165 531 454 145 174 -198 -54 17 -60 -94 -219 36 64 166 -226 91 29 86 185 415 -64 -11 242 -702 854 -272 -790 294 324 248 336 438 -712 -760 208 -539 -121 39 -473 
606 -264 464 726 -22 -124 -393 80 345 453 -404 -677 -372 -387 331 114 -446 -15 81 -58 -112 -33 496 80 -264 -400 -284 -362 -47 5 -114 -239 62 265 195 -70 81 -123 161 383 581 620 57 -176 
-313 -118 326 -512 -319 133 -760 -568 -318 29 -423 -163 257 -302 157 -561 389 -779 -261 401 112 180 196 90 -425 -355 -80 131 3 -262 238 260 -366 -258 -237 424 -484 -464 450 395 362 44 -246 -233 
-160 194 -463 -49 -287 -307 -220 689 473 205 37 -62 -623 -307 -171 301 859 -67 -646 -314 122 18 -19 -162 -717 -252 119 -242 -24 -991 205 128 -681 77 8 256 -751 413 189 -137 657 8 -17 304 
223 242 -702 482 189 193 -414 -143 -478 208 -363 329 528 -350 220 154 -666 -156 435 312 301 128 465 940 285 640 659 -341 12 -103 -38 76 613 -181 -267 97 31 259 187 239 -692 -72 79 -150 
528 -215 49 418 235 132 -643 18 -36 78 -203 70 -117 -359 -280 -346 111 -99 190 75 -422 7 -241 -169 -184 -634 -84 -75 112 329 -372 -299 -666 -108 643 -488 -119 696 -86 -57 682 219 315 0 
-35 -352 -90 -235 -194 -767 -178 535 -278 72 -367 26 352 211 357 205 -436 269 394 -83 44 -210 34 192 -207 632 -264 54 265 -366 179 -309 -409 324 441 -373 276 296 84 -488 -241 243 -283 156 
-489 208 884 -140 -33 -566 -160 4 136 251 -32 367 464 -431 -385 -357 708 -159 151 212 576 -93 -54 302 -280 379 -6 -86 62 47 46 -98 350 312 -102 -139 -52 -256 -124 133 -245 -379 -82 -206 
287 16 -546 -727 -633 125 55 -649 -246 -237 -96 53 939 226 545 80 119 -632 -29 340 167 -45 -176 -42 -144 204 248 587 50 -109 37 2 44 -420 16 545 -39 -83 -173 149 147 372 -160 62 
-71 463 -329 -246 -333 -449 475 950 -362 31 139 -11 -388 -196 147 233 324 535 211 -561 -281 393 30 -219 248 -98 155 -198 289 101 -56 -259 21 -543 88 -244 -284 283 -295 -417 776 -627 85 131 
153 268 -429 -105 68 378 467 -225 -142 313 -676 734 236 -204 3 372 -247 336 286 -94 -169 223 427 -74 520 174 749 -271 -28 28 -303 -366 -419 212 49 -211 185 361 11 -112 146 -312 -227 -43 
388 -88 -340 532 -9 60 -348 -22 420 136 463 -293 -499 99 -765 -474 22 23 -345 390 -772 -310 -356 -247 -113 -236 -136 -25 -135 -217 -485 480 -174 -96 -164 95 252 723 722 240 343 205 -117 371 
193 -422 169 65 -85 -56 918 416 180 194 453 -249 153 198 -32 127 -875 32 114 -129 -290 102 -102 -613 -67 201 530 -423 350 263 387 -690 230 -39 460 -371 78 -290 -625 -20 118 -75 471 -344 
363 44 144 69 82 419 -159 -315 -28 -79 -37 337 -30 300 40 218 194 154 -407 557 7 454 618 -247 -13 230 74 -122 -363 -565 -477 404 121 556 133 -316 645 331 -241 216 -669 51 354 430 
-109 278 199 -579 -523 -352 -295 -250 -578 296 -205 -258 285 21 382 -272 101 26 -104 -261 -176 46 -180 220 974 181 149 299 463 -134 198 251 507 -550 311 -390 303 -472 118 -765 293 -259 -566 -22 
316 -14 -336 560 -505 262 225 135 -335 -171 -39 19 -442 -176 -125 315 -20 589 545 333 -226 515 695 476 103 206 231 359 -348 55 -278 -298 195 -32 257 -408 330 -11 -338 -337 -119 -356 -792 -398 
266 80 377 -139 -408 -213 -504 -233 -205 203 -103 -348 203 -190 302 -390 150 -877 -591 -75 111 -455 399 -257 -422 386 -657 -281 111 -37 -474 -214 -49 5 -190 633 -173 406 -220 130 602 371 -92 -242 
-560 206 -204 133 -211 570 46 395 -499 399 -216 377 10 -593 -195 294 216 29 137 445 13 537 628 618 507 -355 226 -203 -928 632 157 -230 478 -472 210 290 -373 115 -343 170 -336 117 -67 -110 
377 -97 -309 95 -281 -104 132 163 325 23 -204 -563 285 585 -147 510 201 -683 781 3 -113 -423 93 -96 -85 340 705 297 -433 -22 -319 175 -98 357 7 7 -448 836 -40 404 210 200 -408 -200 
-393 -925 461 -167 36 -317 10 -50 41 99 210 -488 251 11 306 -295 -663 305 304 220 -3 79 -585 326 -57 214 -501 770 -170 422 -507 261 -495 32 -386 -204 293 -154 -449 -273 -872 17 -358 -264 
39 593 -349 -440 51 412 883 532 106 525 45 -97 -170 221 350 263 423 -231 956 -406 -349 459 13 -255 663 -383 -15 -164 -45 -326 -179 3 269 -89 -547 83 -199 701 -226 -462 -252 -404 515 91 
-260 453 -544 83 692 92 -283 -16 -110 350 -222 73 42 -60 -72 710 456 744 107 -108 317 553 271 546 -534 133 482 185 -769 -279 -457 833 -405 -221 427 7 280 304 -246 172 -84 280 126 131 
447 516 -200 -351 57 120 636 304 -609 -342 -72 -284 -131 579 262 78 -555 349 119 -414 -260 196 -614 230 741 4 448 -71 -303 -16 -57 95 141 -235 -293 192 -105 -527 -276 -59 524 642 -170 -173 
8 454 578 -42 128 622 150 420 799 -99 -53 275 -71 73 -414 242 -336 -455 21 61 -194 -315 -398 -995 -413 -453 -187 -680 -395 641 123 108 448 -241 395 -147 14 97 -50 210 291 -117 425 -312 
45 -394 -953 -46 -133 -29 617 417 -164 95 58 174 -388 349 -487 -507 -122 776 -102 84 -116 28 -618 495 -16 100 224 248 -398 -72 -98 370 422 -469 -179 330 -281 278 -222 284 -858 -134 176 204 
-93 85 -727 -511 393 162 -244 -677 723 389 -198 -238 406 43 -532 95 119 -272 499 355 -211 183 457 49 -142 197 65 -587 -123 -78 -121 471 291 -434 -44 174 -106 89 -408 -201 623 48 227 -628 
-543 248 -232 -186 -313 106 333 425 -144 694 -158 322 -257 161 -41 -145 400 -457 442 18 -289 468 45 -220 -96 -192 149 335 -166 -173 138 -599 -89 -38 355 -160 7 174 -155 197 -531 243 453 -321 
81 405 1 326 384 -16 -626 -390 -318 214 -417 619 -132 -448 -26 -214 267 253 281 429 220 -207 -217 -192 176 -388 -243 -655 428 395 450 351 103 291 302 390 255 233 -83 -38 148 -359 79 -65 
